Växjö:56.8790044:14.8058522
Kristianstad:56.0293936:14.1566778
Karlskorna:56.161224:15.5869
Kalmar:56.664875:16.378055
Lund:55.725540:13.180484
Helsingborg:56.00224394:12.76774172
Karlshamn:56.1702588:14.86682797
Värnamo:57.183672:14.046317
Malmö:55.604981:13.003822